317
169
93
456
404
21
259
36
591
15
903
642
653
655
650
545
554
292
482
460
626
863
664
156
751
102
709
577
222
850
148
891
19
593
347
424
966
959
812
558
974
715
552
627
722
202
524
276
846
6
737
824
222
753
332
973
855
393
550
429
243
50
320
263
644
20
39
962
979
203
872
953
918
424
581
640
626
105
268
824
464
357
648
686
110
332
659
965
725
562
746
969
964
67
584
608
87
975
923
418
178
795
371
448
220
304
440
198
762
708
375
226
66
23
912
528
708
923
846
433
837
592
754
802
11
338
762
450
665
685
868
843
481
240
291
701
896
83
251
658
792
626
884
210
2
148
90
710
72
936
143
261
881
898
63
892
588
826
343
254
511
563
449
344
155
93
397
52
176
649
710
320
627
595
530
629
95
621
339
519
909
835
781
790
85
844
683
25
22
378
279
534
941
729
230
97
822
628
501
350
629
211
671
256
158
201
886
254
174
577
773
84
764
906
874
201
751
909
227
773
287
506
659
581
587
242
678
761
870
179
112
851
742
783
107
901
336
345
507
511
923
632
947
39
539
821
241
642
83
468
767
370
326
779
951
266
21
981
27
243
512
491
94
607
274
201
860
963
899
367
826
822
351
773
213
890
946
454
884
29
274
652
752
953
783
55
219
804
37
246
399
901
738
493
508
364
46
368
327
945
87
153
119
439
278
333
681
225
139
566
606
766
570
358
719
353
414
938
509
803
184
908
56
274
753
565
639
799
285
318
745
725
824
864
164
102
549
845
679
689
763
638
455
333
348
174
38
114
464
899
917
648
807
326
275
912
243
914
712
880
584
809
605
760
25
769
863
575
967
894
616
730
884
423
416
233
949
454
347
413
706
617
413
513
943
688
778
186
954
490
418
539
651
24
299
676
793
514
251
112
761
219
843
645
642
611
878
591
417
578
356
123
195
770
989
490
458
767
28
413
609
446
304
260
470
955
936
616
822
540
728
583
759
923
580
402
534
811
345
952
389
702
427
584
472
416
426
282
183
454
47
792
900
703
52
371
659
341
987
833
881
67
768
640
991
348
394
877
511
740
181
900
442
609
836
266
25
262
548
209
716
948
353
969
651
758
340
662
99
679
495
332
746
263
972
89
964
367
967
475
107
148
376
901
757
564
519
135
827
419
696
895
367
49
864
19
159
556
681
258
587
529
590
686
792
915
775
756
282
742
584
741
243
312
994
352
876
513
487
55
932
183
951
652
585
167
671
744
76
704
355
663
233
297
349
378
212
125
486
846
219
70
939
814
382
933
167
611
798
6
666
83
542
969
735
127
137
758
223
213
814
578
876
48
228
578
778
792
703
264
639
274
687
930
89
421
216
608
32
14
614
699
97
156
668
184
635
157
294
859
370
109
789
599
509
369
177
287
162
232
903
153
506
590
83
595
12
299
203
396
314
170
447
763
678
468
300
314
625
594
525
348
703
666
299
212
36
476
499
198
60
403
351
566
345
434
514
709
86
69
458
752
239
905
515
270
373
167
584
351
762
461
699
817
127
998
30
163
826
881
713
886
636
416
804
334
203
318
43
289
388
501
41
979
407
908
601
132
76
185
483
838
998
182
655
126
532
37
641
358
919
707
596
907
123
401
241
678
71
285
967
811
138
8
143
897
269
744
30
345
930
865
535
280
400
542
406
932
932
400
643
851
107
591
110
582
344
352
261
416
989
580
227
127
941
370
377
210
115
759
555
397
624
442
677
24
336
436
309
268
836
304
471
295
247
582
229
592
934
842
8
275
423
235
402
364
958
131
574
73
890
481
822
515
275
499
891
611
935
552
880
123
856
351
770
104
933
352
696
219
194
56
494
969
291
249
333
601
380
259
674
271
92
496
138
719
348
29
331
635
582
563
759
790
914
881
246
200
233
294
771
780
350
266
749
994
867
435
595
247
694
622
870
139
470
8
858
818
390
541
454
972
104
565
114
371
798
361
923
32
655
694
164
358
312
913
352
179
348
299
779
395
921
649
886
392
10
744
210
400
286
16
724
742
581
838
113
380
199
36
764
207
83
928
917
395
193
269
927
894
920
706
289
842
707
175
586
717
271
148
469
909
165
193
652
98
32
117
830
583
154
594
142
589
874
59
984
68
328
911
314
601
969
603
443
677
130
29
746
753
529
216
663
694
409
667
793
441
784
623
377
290
570
519
879
444
579
216
864
259
127
178
860
97
133
303
126
615
684
872
369
214
88
384
260
498
51
53
291
187
29
668
830
951
188
61
747
767
277
612
378
757
142
239
206
628
542
332
595
579
204
316
145
645
700
405
495
103
811
138
643
192
807
473
143
347
534
890
466
164
854
844
921
349
83
127
329
978
459
924
909
15
241
54
12
293
811
859
397
622
998
40
166
805
865
309
504
399
552
970
915
406
166
836
107
250
315
436
580
126
361
489
142
954
895
506
247
706
366
644
681
364
36
847
521
901
509
25
653
61
347
568
819
865
757
279
467
72
715
47
199
428
888
693
382
783
199
630
490
917
626
171
281
663
370
154
916
879
179
569
292
878
490
464
744
599
743
211
671
810
611
870
239
499
915
973
283
115
603
773
32
582
296
666
245
18
820
513
250
352
435
894
582
277
358
678
876
453
890
547
264
853
770
855
352
685
828
635
800
784
760
185
366
408
203
963
427
23
476
29
727
263
923
310
540
634
988
416
87
230
964
703
83
734
910
436
419
739
423
572
875
184
109
241
944
312
556
723
687
384
752
415
648
676
77
188
310
65
957
749
648
921
805
731
7
715
519
778
454
943
702
681
479
811
922
423
475
830
147
163
215
251
930
215
927
7
755
589
424
712
691
72
985
496
804
992
211
323
123
18
266
177
699
745
989
974
521
816
804
20
331
371
271
261
938
199
268
694
140
693
758
831
765
744
679
921
88
891
245
211
261
863
741
960
961
730
934
834
898
91
854
230
814
125
491
753
676
112
799
169
157
557
0
274
301
32
196
390
923
793
953
184
8
694
496
321
776
783
155
27
226
9
257
40
487
100
145
163
212
944
332
721
502
685
996
155
717
544
545
992
689
851
528
697
897
24
371
26
159
526
53
385
888
662
778
375
762
923
538
327
868
871
400
722
908
396
877
625
292
775
969
981
978
497
31
227
873
402
253
33
280
658
770
168
672
548
543
787
824
82
114
44
305
514
766
565
263
643
190
555
770
511
889
748
8
272
976
881
26
581
266
306
592
37
475
264
937
18
51
761
452
517
805
109
384
923
674
647
919
216
554
689
727
795
438
735
67
766
969
445
699
235
752
291
624
579
908
914
597
311
27
402
829
185
511
565
108
538
564
27
754
118
69
482
266
859
569
685
625
538
131
324
126
883
968
102
462
228
16
411
539
396
165
720
581
677
285
41
215
849
421
321
320
490
803
586
349
373
623
326
263
754
2
389
989
322
844
803
550
212
567
90
608
732
810
189
761
448
231
328
649
4
650
969
494
453
907
195
178
531
873
442
285
227
183
627
550
27
430
100
592
997
542
200
730
705
742
843
153
325
172
802
329
822
124
823
627
31
370
158
562
595
952
200
822
135
827
372
515
257
825
107
607
367
659
337
72
401
532
577
726
704
380
55
526
856
230
506
887
952
664
450
547
616
650
370
103
477
94
970
86
919
77
693
287
89
382
711
490
915
289
217
619
21
624
498
877
207
356
764
159
20
566
59
988
216
429
443
45
523
414
132
443
843
825
82
932
208
793
423
123
434
992
94
455
968
592
332
175
948
449
687
320
15
746
660
584
527
104
629
402
518
113
845
361
939
279
294
499
73
69
974
507
413
68
315
381
13
999
909
313
800
596
634
816
694
646
752
221
750
733
623
268
847
821
982
138
452
628
637
525
49
963
385
462
31
52
843
396
51
752
710
852
700
696
20
746
342
124
967
93
857
943
713
704
116
47
842
568
675
831
446
724
794
183
186
178
235
382
574
638
486
284
842
539
332
214
285
675
338
605
120
196
900
185
252
16
233
447
936
908
278
734
985
425
917
523
603
504
905
529
495
744
166
689
283
498
904
568
525
594
173
645
142
425
831
395
441
416
194
730
676
824
464
661
249
734
537
204
590
442
734
437
538
252
127
821
750
383
742
276
977
915
273
472
341
456
219
134
872
413
216
549
237
681
562
839
767
99
395
357
894
481
795
432
733
274
606
484
657
348
112
986
263
737
458
956
194
677
443
418
90
659
319
680
692
882
871
459
333
266
169
579
748
964
12
481
238
618
317
247
966
781
233
581
519
44
890
65
721
685
483
164
344
155
196
389
389
67
200
722
333
369
302
81
685
666
915
275
636
584
522
954
366
108
887
237
152
129
654
873
814
137
389
511
644
585
900
33
652
100
756
986
822
410
419
507
428
686
783
416
271
657
370
989
765
609
226
917
739
880
143
553
369
532
416
14
118
668
47
122
121
155
460
943
917
880
450
345
566
585
761
189
243
483
178
8
93
756
926
184
636
69
89
358
953
506
372
423
174
771
546
295
279
6
590
196
238
41
894
157
626
7
346
869
843
877
230
936
633
156
472
270
577
561
980
882
419
704
306
594
475
852
241
106
210
832
303
801
225
197
958
203
556
656
425
399
533
655
687
167
163
159
789
92
73
769
974
492
473
280
86
300
484
680
407
47
864
710
848
441
259
158
996
167
814
421
567
700
428
606
867
591
766
8
683
839
777
658
331
602
290
770
902
775
802
309
822
18
371
22
459
982
180
455
502
346
229
69
46
657
675
265
249
793
273
284
984
402
294
668
4
585
438
907
712
592
568
886
962
292
908
421
626
440
228
128
138
809
549
537
467
225
802
68
370
428
704
355
830
999
23
835
936
813
94
648
757
14
534
719
658
794
492
285
586
72
765
724
882
315
613
701
892
416
121
262
196
825
969
26
176
992
213
112
157
659
760
914
26
646
985
684
792
477
321
378
550
87
455
784
402
68
485
294
836
958
908
32
783
878
411
960
222
976
424
380
988
185
646
14
183
632
50
976
461
372
706
363
811
161
499
213
230
984
859
418
294
767
451
78
645
214
390
868
190
814
600
178
351
598
544
887
582
595
863
44
319
921
759
130
83
259
695
665
595
906
83
890
673
886
320
671
100
710
891
291
876
491
821
228
441
718
467
24
313
330
68
984
251
179
466
686
438
513
351
34
419
787
276
92
673
596
115
774
658
6
417
534
849
590
114
291
308
581
315
973
263
735
957
867
266
775
553
705
288
257
91
707
44
719
152
69
315
267
843
973
274
612
859
475
203
974
766
511
907
433
485
171
520
794
38
139
570
943
844
210
200
287
918
596
6
70
666
673
337
861
646
963
474
505
439
677
831
557
540
739
343
377
910
215
172
300
354
94
243
550
304
444
837
574
392
195
644
58
868
334
920
866
297
394
724
88
423
555
646
315
294
341
693
556
556
217
856
263
663
452
813
319
248
3
894
640
198
538
699
419
224
971
285
522
365
9
610
140
565
608
455
211
949
500
120
858
69
328
121
732
780
934
52
380
289
298
21
840
188
72
259
413
43
896
935
760
906
897
252
823
858
707
386
807
560
506
17
629
187
138
714
319
425
766
700
66
64
721
906
252
145
165
665
188
414
952
300
320
202
552
495
60
611
881
219
171
740
237
153
927
727
867
246
504
985
298
571
49
371
829
653
516
347
671
56
761
975
356
433
177
260
928
589
872
161
809
395
901
398
548
180
477
767
779
334
752
77
257
153
449
86
807
965
785
830
374
546
805
82
979
335
343
907
276
215
69
437
962
322
187
511
503
665
630
634
351
383
711
608
536
512
46
695
830
832
525
204
378
683
286
710
370
629
969
646
196
390
84
159
713
271
22
568
288
652
202
639
387
265
247
924
778
646
619
960
478
145
164
208
180
802
918
550
784
888
196
980
278
280
491
343
904
865
263
192
518
465
184
905
83
783
181
213
429
801
173
259
298
689
468
478
491
738
28
275
978
576
256
609
857
99
952
113
965
216
305
835
33
841
740
468
625
274
681
54
75
206
314
725
895
134
203
387
872
583
662
851
159
270
460
368
722
764
481
687
332
139
522
366
332
614
186
957
888
868
12
963
74
678
40
970
812
243
709
684
178
723
887
690
994
699
58
716
464
892
755
796
383
277
514
715
891
701
673
780
921
37
95
995
67
488
317
879
83
26
915
262
102
155
952
448
854
362
516
318
606
271
467
989
548
333
57
791
34
82
923
307
471
371
303
538
859
972
769
942
351
36
204
453
191
508
901
46
223
417
716
829
688
535
171
588
869
580
731
255
662
655
563
485
378
218
23
237
190
144
179
893
180
736
698
372
596
599
770
819
368
486
1
408
22
172
348
891
752
80
146
766
87
61
251
465
279
626
54
822
770
585
715
302
673
766
674
270
717
444
441
86
283
442
846
305
966
547
548
70
627
46
836
66
108
439
883
387
65
937
561
187
874
629
490
548
395
516
818
112
313
611
550
596
406
397
253
372
944
801
443
923
847
631
341
307
71
224
47
136
513
608
324
387
237
166
935
632
34
105
745
347
69
647
295
475
44
548
199
340
701
642
615
901
274
308
208
345
884
255
833
397
864
509
137
453
27
424
86
62
530
183
409
951
830
57
426
227
605
625
919
659
620
887
560
246
195
120
943
80
376
776
829
592
638
966
45
665
391
483
727
273
666
489
224
849
546
2
76
503
979
995
162
951
234
74
197
430
195
140
510
923
269
339
867
259
658
264
924
401
748
652
674
414
493
250
615
39
604
691
542
935
39
57
887
273
131
84
55
678
577
565
953
198
257
820
457
267
85
733
668
185
385
694
951
230
296
567
269
900
610
164
835
649
221
74
275
704
511
330
735
88
248
40
638
857
861
95
124
298
180
144
483
918
838
434
148
134
353
418
386
964
934
573
965
507
648
240
563
159
923
298
599
171
339
589
380
552
36
504
202
216
648
37
134
838
823
283
324
177
701
710
141
987
635
106
494
635
699
57
146
622
708
745
145
399
686
525
303
722
29
505
939
29
542
73
867
717
356
191
894
409
253
35
396
888
494
242
524
193
300
22
167
360
120
312
759
806
837
62
529
866
919
468
247
813
541
114
530
898
657
425
307
910
812
56
150
658
298
26
851
598
49
370
310
169
682
421
975
519
483
504
737
754
972
984
567
514
450
98
764
459
875
71
369
39
479
872
698
778
898
901
728
947
272
39
116
954
460
444
826
296
948
563
50
273
900
970
139
702
420
903
162
647
326
883
686
806
755
384
584
654
638
312
601
910
703
70
216
164
514
394
812
814
310
862
87
210
184
226
264
604
129
426
251
808
310
290
614
417
674
198
71
664
862
25
926
566
447
143
82
313
537
894
127
199
108
567
409
645
145
26
601
627
452
853
435
114
495
49
884
521
599
307
186
813
332
112
731
131
607
813
444
497
59
924
696
520
843
458
165
988
484
766
615
288
971
402
755
466
451
639
988
402
946
174
216
631
638
299
114
246
465
911
743
524
187
439
396
30
897
561
370
733
680
986
22
3
388
129
822
192
768
810
946
66
336
514
49
326
814
164
572
279
75
315
155
262
107
552
644
356
465
14
442
145
352
464
501
741
593
323
285
713
133
231
131
821
746
181
147
560
345
72
191
772
739
346
34
846
898
678
555
364
44
997
861
397
813
362
490
758
37
775
471
522
358
602
343
456
135
843
368
480
915
559
252
6
906
638
853
156
668
760
872
713
109
734
110
922
448
600
680
838
727
503
360
437
457
704
894
593
899
262
425
166
174
30
172
80
668
377
588
689
137
461
754
598
547
864
520
347
816
552
185
895
55
546
332
865
602
226
810
501
841
235
667
15
265
191
447
286
569
35
327
58
496
81
657
395
945
177
743
113
82
928
8
489
474
340
354
76
919
164
929
760
752
948
127
369
140
574
655
709
609
982
119
458
63
776
853
360
306
596
825
388
877
833
877
703
526
232
132
797
748
61
909
500
362
36
870
502
610
877
563
571
212
682
381
627
811
235
340
117
183
165
505
60
351
382
764
229
966
896
26
67
309
935
919
671
323
789
525
285
19
88
856
231
123
238
210
934
825
550
51
8
716
908
421
419
642
537
648
609
785
674
28
94
961
947
118
636
737
643
921
108
732
777
691
207
367
901
493
544
452
544
553
520
804
326
939
446
863
587
407
648
613
435
94
926
383
212
562
472
856
483
932
940
612
623
147
332
524
640
876
328
536
429
200
692
107
139
138
322
78
898
970
691
333
417
969
68
629
531
892
837
14
824
777
979
447
276
311
324
268
187
4
156
969
205
848
76
344
339
399
775
589
721
818
274
490
788
343
472
319
235
309
686
412
439
665
859
67
976
535
336
515
540
844
484
745
45
913
441
384
664
216
973
737
35
599
228
823
942
700
494
530
361
180
294
152
197
153
220
525
41
908
41
581
752
877
678
797
142
119
533
806
336
858
896
723
458
476
546
752
176
40
634
889
573
928
42
770
434
262
296
475
170
337
408
274
566
86
424
709
205
957
867
893
816
763
616
626
239
514
378
767
555
13
657
480
941
51
250
727
665
546
202
187
235
610
461
802
696
885
863
254
195
730
499
11
494
116
989
733
630
719
501
537
732
510
17
26
913
620
753
578
166
308
765
754
270
226
556
967
464
419
573
659
149
72
22
995
540
11
729
523
730
582
412
815
444
782
193
357
402
298
935
920
606
52
674
877
630
582
196
94
353
121
105
503
193
127
850
86
490
931
609
573
865
21
740
309
155
933
18
557
231
953
478
190
5
152
419
636
735
615
82
88
88
188
943
633
667
146
719
510
77
680
83
943
54
823
604
209
108
623
767
691
928
597
233
286
101
652
274
188
619
356
629
707
896
572
341
564
70
60
74
148
741
509
443
147
684
47
356
792
22
475
835
951
72
69
237
174
721
511
362
341
219
991
48
116
916
389
32
338
802
458
486
895
967
281
42
3
681
750
795
55
226
630
6
650
51
595
824
773
458
539
114
30
882
514
498
150
256
530
489
410
340
327
305
659
961
699
662
642
449
809
697
27
791
56
678
843
3
854
616
462
393
82
492
628
596
342
130
204
872
619
614
564
299
271
223
260
322
237
254
772
46
303
799
189
359
829
32
363
684
0
177
429
82
21
57
31
363
188
235
587
159
202
151
458
825
726
70
148
963
676
920
361
980
71
550
339
253
583
54
937
583
583
366
18
956
776
49
319
964
636
258
475
190
761
286
16
839
356
164
154
33
436
515
365
859
418
56
112
353
111
401
288
46
768
306
3
544
707
674
860
696
285
335
238
46
973
254
238
682
770
392
67
558
260
432
418
678
488
882
31
951
284
671
998
404
330
353
300
37
27
160
85
664
847
324
711
821
930
949
503
53
693
922
611
953
354
381
631
194
264
14
146
900
38
496
304
368
849
604
757
228
116
843
245
315
519
956
136
801
257
991
854
950
265
466
256
619
199
239
814
463
254
312
715
292
808
371
660
9
975
769
589
443
612
834
759
483
142
247
285
751
591
139
54
856
957
310
476
157
549
642
972
155
954
40
799
114
411
459
123
739
581
64
182
193
899
941
29
393
189
314
145
780
805
199
636
115
509
464
624
410
106
948
566
412
988
365
526
400
177
649
139
758
66
673
303
965
615
332
358
156
998
855
288
804
54
276
271
915
741
895
678
199
195
244
964
184
961
490
936
138
492
75
248
558
748
904
875
715
236
585
223
235
441
511
391
847
788
662
115
881
909
793
432
104
389
396
640
350
239
576
841
731
3
441
641
104
345
516
819
582
101
395
169
894
906
912
742
46
926
857
279
187
2
64
291
391
812
284
93
51
860
934
134
864
376
775
320
73
291
491
7
393
886
528
287
145
440
381
191
718
238
823
905
592
887
549
983
699
833
77
103
693
363
237
909
91
13
581
165
304
73
172
49
959
701
689
104
493
70
648
212
661
471
117
253
710
666
589
761
499
666
864
545
29
454
806
121
467
388
638
123
813
810
525
124
863
214
229
357
284
229
569
297
52
38
903
114
705
492
875
556
158
92
453
539
546
612
12
365
352
650
840
165
813
365
289
676
579
870
33
216
451
954
865
503
993
768
617
50
260
845
958
770
289
764
310
835
728
674
552
80
325
392
597
138
110
886
166
689
109
552
257
560
506
123
416
851
891
385
253
504
230
564
274
519
680
936
706
408
611
610
488
288
355
85
778
465
323
944
506
784
496
764
345
355
239
113
558
130
498
164
634
81
728
261
600
408
197
659
168
160
621
8
448
976
93
226
441
768
523
300
553
371
64
250
78
303
363
637
785
861
153
772
294
881
33
247
641
582
906
161
743
527
169
191
856
614
770
649
382
293
949
287
16
365
537
95
668
252
84
806
466
237
578
760
470
963
7
463
545
265
624
288
145
793
832
1
407
602
650
141
247
952
429
263
317
318
710
338
571
794
144
389
383
74
149
853
389
157
316
934
774
940
575
919
733
407
272
492
361
275
634
608
227
415
223
544
85
286
234
656
80
730
45
816
804
547
669
545
56
338
832
830
630
407
750
716
166
22
208
527
297
194
487
876
609
62
773
695
348
7
703
781
738
101
597
894
648
618
440
56
956
272
886
587
31
988
655
197
363
863
76
660
58
563
889
19
625
662
66
326
669
770
107
759
223
56
654
223
674
94
279
983
718
165
922
749
506
577
946
869
440
22
881
850
937
770
222
914
432
288
240
454
410
699
213
633
755
867
856
430
313
135
765
31
653
687
132
159
264
78
28
56
452
909
907
741
32
129
656
464
769
248
270
180
300
484
813
55
703
22
837
17
157
602
400
162
289
533
321
905
963
701
962
416
963
221
509
995
702
165
811
471
766
82
3
66
566
817
473
621
839
311
638
348
913
391
511
555
924
184
812
239
238
126
655
201
347
517
548
401
34
359
225
800
793
228
218
711
397
692
333
236
3
323
937
268
714
800
175
990
984
988
230
574
114
237
127
814
754
675
567
789
387
792
941
180
21
160
892
770
204
577
7
559
900
944
179
967
96
355
309
80
695
539
7
809
129
134
975
235
162
543
376
549
687
318
729
60
830
973
831
34
550
838
593
803
134
772
770
230
479
79
662
174
971
21
336
452
156
663
687
318
206
64
219
894
734
300
954
564
274
785
950
176
975
895
331
461
19
453
43
499
533
58
25
856
79
713
308
587
377
347
257
583
411
476
829
497
777
136
61
403
273
11
579
249
258
263
62
278
716
106
777
601
516
154
457
595
868
117
183
245
817
440
180
228
269
10
78
46
146
139
449
771
503
380
20
761
643
83
391
712
541
168
313
57
323
123
4
543
240
539
788
57
332
968
638
601
330
716
647
828
207
448
600
62
828
620
176
824
55
567
536
948
88
849
357
763
324
362
306
565
901
94
974
233
414
964
834
745
32
833
573
592
281
173
654
462
146
182
286
553
102
174
854
190
375
211
953
700
925
611
617
827
57
943
412
471
908
599
568
940
432
494
884
714
19
891
528
517
73
814
71
175
340
277
717
715
488
670
767
414
633
384
593
690
328
5
514
588
604
82
880
389
928
765
103
948
656
631
465
81
797
888
609
489
165
326
556
6
349
324
420
982
60
13
673
740
370
539
328
327
621
561
716
550
326
171
850
334
154
315
767
951
556
376
792
721
703
348
727
52
24
499
386
85
864
411
825
235
950
506
562
924
67
278
826
745
449
676
79
603
343
198
906
899
575
50
973
630
398
52
34
423
552
420
860
416
832
685
3
782
191
565
706
610
195
884
355
996
560
786
951
256
985
209
155
560
259
480
190
10
533
576
785
85
996
645
853
828
682
857
963
874
774
21
484
970
906
192
318
818
978
622
74
963
183
582
875
443
62
417
805
595
993
590
32
990
587
886
170
269
743
133
495
517
507
332
839
765
524
158
583
502
132
10
818
315
592
693
110
654
111
915
602
456
857
634
446
796
520
617
66
263
102
561
133
961
893
972
726
769
482
310
272
614
672
442
930
264
135
40
270
598
308
872
55
165
859
853
962
379
470
380
995
925
941
128
238
187
100
965
956
583
627
580
549
299
22
479
563
510
520
185
108
828
58
515
345
269
369
659
648
191
39
995
468
333
475
707
872
928
672
828
863
651
761
412
950
135
892
865
645
764
50
106
944
460
973
641
81
342
301
82
886
692
77
354
25
553
413
897
833
437
78
696
88
191
108
390
326
352
607
324
116
10
782
412
822
755
54
904
450
355
986
688
47
63
394
73
968
808
322
801
245
400
497
686
591
958
76
270
310
684
594
427
694
728
191
516
835
245
772
637
600
758
325
0
174
720
425
142
880
747
296
125
500
145
163
443
103
240
713
414
276
659
193
322
739
384
190
575
630
963
212
582
73
890
582
247
962
7
390
842
107
38
319
607
183
483
402
287
75
468
53
703
479
246
25
219
982
567
146
964
882
710
547
956
600
481
203
562
841
945
404
948
983
724
907
519
559
309
158
634
129
211
337
609
809
714
180
791
633
326
108
516
36
7
824
989
488
379
551
329
677
308
629
660
384
536
531
943
198
689
929
679
900
618
640
61
684
820
205
317
498
313
185
887
320
361
876
160
741
779
842
418
87
471
430
823
360
962
118
910
651
399
589
904
17
230
965
53
402
170
371
901
835
908
140
155
270
16
316
11
795
158
781
235
981
211
410
341
173
529
603
177
928
193
433
298
775
750
351
529
273
74
782
108
983
922
264
253
938
932
616
86
442
397
673
423
608
83
117
134
964
720
663
245
265
448
543
392
198
246
274
471
321
56
580
656
979
196
261
269
480
877
707
922
626
732
697
586
816
814
72
132
887
735
377
504
535
272
249
86
519
523
557
192
579
489
848
910
37
109
180
517
338
239
791
964
972
489
550
140
655
623
272
894
710
650
399
598
274
648
684
793
171
593
337
102
435
185
13
472
294
545
342
984
136
133
948
108
974
851
248
630
474
873
876
536
875
275
134
149
275
818
295
798
764
632
901
199
818
266
671
464
163
365
449
299
499
749
760
825
600
360
455
426
233
332
963
108
959
449
610
587
620
905
385
384
537
638
583
707
904
606
524
419
324
325
719
175
74
831
0
675
191
808
453
425
492
768
885
451
218
495
38
190
752
776
574
642
414
509
349
671
467
225
90
791
550
161
966
625
992
319
652
184
127
457
961
619
226
198
70
444
46
461
634
798
237
560
440
651
421
142
674
888
719
765
32
270
278
350
247
271
669
251
807
148
708
120
767
934
318
190
730
716
3
364
515
240
276
307
243
697
801
918
938
521
35
322
791
313
672
38
936
694
289
95
842
997
567
962
284
238
152
14
954
155
731
469
747
7
129
342
57
930
612
995
451
647
317
242
313
341
632
601
387
273
697
230
623
264
544
907
502
696
921
809
203
652
278
302
12
407
644
69
690
257
64
141
256
733
384
569
74
368
171
462
642
220
44
265
484
588
172
339
636
445
148
191
450
778
493
462
538
137
531
228
746
947
369
3
680
105
572
106
474
95
920
116
315
316
733
152
904
905
491
892
702
991
83
152
121
928
614
11
418
497
239
164
444
961
519
476
66
444
935
892
539
855
360
855
172
93
7
428
350
850
321
53
193
756
205
314
37
172
326
455
669
917
971
466
878
491
942
297
287
877
541
826
85
902
33
257
995
40
685
346
242
358
751
435
467
956
750
504
480
428
959
502
345
282
968
576
125
262
225
412
492
766
239
577
668
272
186
16
665
223
362
259
582
113
695
49
421
797
905
254
225
216
756
922
498
76
850
976
338
75
388
182
842
979
759
862
604
297
878
621
521
240
880
103
705
575
504
479
724
409
85
301
625
841
224
475
269
74
451
607
502
192
142
344
171
901
206
127
199
85
748
720
677
629
175
735
556
31
566
281
792
651
934
769
844
158
244
113
585
48
72
87
240
214
783
763
468
341
891
19
778
639
91
808
620
266
543
529
649
461
162
441
464
96
210
308
607
806
773
544
854
197
983
94
764
766
858
232
459
101
603
238
92
694
46
65
312
941
594
961
402
108
754
866
204
964
526
163
770
651
707
977
848
690
71
964
808
281
196
620
734
151
858
827
845
256
892
157
197
838
470
951
946
224
817
502
540
695
666
663
346
725
640
546
768
63
511
928
697
59
548
431
211
406
258
408
14
502
918
211
340
388
162
638
965
331
493
857
378
159
872
724
236
512
623
4
928
486
933
625
545
833
56
108
240
667
869
606
521
787
818
214
527
332
852
844
16
345
702
394
856
574
471
93
439
94
449
367
580
734
344
477
568
400
938
160
419
807
766
941
946
936
155
473
269
359
318
637
57
372
31
913
298
502
358
89
948
160
808
880
894
152
710
462
905
648
622
324
807
741
617
105
677
772
578
298
484
248
935
541
620
967
806
271
821
165
360
770
325
169
650
571
321
360
34
578
360
8
903
519
749
872
624
779
997
555
77
481
803
365
22
776
684
828
47
505
345
407
275
22
576
278
594
250
990
980
828
703
340
83
574
90
308
199
221
305
754
650
138
909
15
160
685
699
340
732
205
38
140
832
60
68
462
6
670
453
986
851
508
327
286
82
769
594
633
990
251
387
640
389
649
8
549
334
707
242
419
264
280
911
449
692
979
911
699
2
716
37
853
224
364
491
307
133
86
940
475
337
680
468
727
681
476
628
15
535
222
786
152
854
697
601
547
29
864
598
31
581
635
236
157
0
727
816
485
165
109
313
855
141
133
934
822
609
914
189
496
137
976
648
343
673
601
242
702
466
840
85
399
476
673
556
828
753
373
665
918
834
978
125
975
111
59
797
72
326
338
921
815
314
921
158
340
523
401
394
989
593
480
388
69
153
296
249
906
669
915
177
855
245
654
830
709
66
979
133
392
318
54
207
984
976
717
324
851
470
719
840
64
551
580
485
56
876
735
315
898
650
492
753
247
146
936
956
212
915
90
956
585
496
515
570
824
233
246
675
55
317
867
119
868
447
605
277
676
340
592
926
342
436
31
941
582
967
898
147
883
340
455
820
188
971
390
13
556
637
688
611
306
556
731
175
3
688
452
31
380
396
957
74
832
341
15
766
308
265
265
543
957
721
364
146
44
106
159
600
743
847
563
50
755
646
577
111
334
381
142
66
129
452
140
961
793
508
727
453
125
993
997
83
66
713
581
110
819
740
62
915
939
625
317
47
272
246
158
958
979
300
25
108
104
517
69
249
377
148
703
503
141
52
938
207
765
519
669
936
611
731
203
902
357
520
949
981
118
107
291
97
760
316
205
216
186
626
466
563
775
169
418
916
573
356
476
690
227
497
626
190
229
830
93
938
702
394
271
173
854
562
270
614
879
476
182
417
454
648
332
229
169
751
146
742
459
974
784
687
471
411
229
52
593
322
990
647
69
261
820
923
824
443
889
55
271
71
824
725
720
156
955
241
259
101
984
719
427
768
758
250
531
987
303
476
662
293
476
731
907
296
654
731
739
543
138
10
614
962
736
686
470
691
928
730
144
264
449
923
384
207
173
268
546
476
744
208
122
220
939
29
869
593
112
960
488
602
323
455
916
59
141
386
102
421
116
598
37
917
873
422
124
46
690
23
523
786
231
997
359
171
26
228
116
490
540
957
92
863
412
8
274
905
746
728
679
863
326
716
780
199
138
257
598
180
280
473
319
511
470
678
34
848
258
503
338
798
460
782
14
224
142
288
481
888
17
160
103
695
877
236
895
367
493
493
900
125
318
219
988
788
897
375
636
507
878
326
657
690
460
671
266
954
960
747
194
977
260
298
672
489
534
919
856
379
764
756
504
82
327
844
222
576
219
858
83
97
536
741
139
348
412
405
302
372
505
497
701
765
147
726
254
33
997
462
764
114
571
620
196
898
464
419
475
684
629
910
133
518
651
625
866
416
30
521
788
887
370
842
652
517
920
258
902
917
73
666
31
644
638
580
894
102
351
369
138
980
632
624
850
283
249
717
699
631
590
840
519
960
34
171
829
954
782
731
223
855
749
255
851
387
187
745
841
538
467
980
870
99
956
721
734
205
790
434
836
732
626
355
692
660
879
521
966
13
604
189
868
353
796
719
92
983
816
933
873
283
265
744
382
221
817
117
778
959
903
615
691
529
322
383
541
553
256
507
566
860
696
786
565
845
505
657
828
674
942
54
957
208
150
692
429
967
161
560
278
64
175
969
945
849
704
486
403
960
993
969
172
41
756
737
886
613
746
67
287
688
473
597
896
623
289
678
590
450
238
868
866
765
189
811
614
245
649
369
205
994
339
729
387
447
466
274
412
564
693
52
252
166
649
149
789
290
179
731
92
417
951
958
534
140
121
148
385
770
518
942
116
209
23
503
8
841
129
420
405
174
824
657
340
825
806
481
115
337
564
207
754
515
517
288
7
638
789
744
760
659
38
228
868
61
732
228
902
861
0
307
388
825
317
80
650
475
562
118
813
478
325
919
994
195
560
353
833
349
450
946
8
488
174
228
902
258
808
156
472
808
816
860
985
133
940
636
608
854
754
421
333
431
341
679
626
901
32
812
602
482
110
962
323
284
542
225
895
350
381
367
158
197
227
144
330
167
132
291
374
238
712
707
21
405
386
0
658
770
812
260
605
922
574
928
558
116
505
453
818
886
172
329
436
399
825
118
919
957
409
293
547
474
352
568
231
738
568
890
860
732
502
465
6
429
393
917
545
898
370
716
137
543
45
573
294
870
43
565
827
453
858
726
279
562
294
510
300
215
752
513
299
607
978
306
36
372
223
933
622
945
649
759
840
46
684
135
916
728
700
95
181
911
821
812
473
468
322
126
35
427
639
334
386
617
640
422
341
215
707
964
161
709
723
1
755
760
136
24
488
189
119
21
100
941
833
925
761
507
51
796
286
42
130
672
660
123
446
1
338
154
317
851
215
393
853
322
153
341
346
641
882
466
662
334
759
847
260
872
706
663
668
993
706
150
665
366
625
112
719
964
618
37
815
185
430
20
507
583
362
854
576
244
672
590
579
783
437
191
655
143
854
675
488
560
825
154
278
451
618
998
767
588
387
934
773
817
955
632
752
669
486
328
913
510
270
844
293
707
35
300
202
890
975
691
802
153
197
81
956
815
431
723
755
818
9
528
987
964
160
739
633
999
419
899
861
689
743
155
748
131
807
302
373
783
345
175
288
542
608
244
709
39
319
464
209
328
344
196
645
857
287
278
856
706
529
717
747
625
224
847
756
32
150
481
167
495
8
455
390
617
51
99
8
370
916
218
50
260
766
695
117
54
326
325
112
207
395
212
832
971
59
940
3
209
421
522
57
430
329
447
399
732
898
759
454
166
977
505
779
96
552
248
502
230
926
966
438
321
178
270
292
238
563
648
799
336
522
208
766
852
7
517
584
258
277
39
424
606
896
203
702
448
804
556
31
730
523
469
51
701
91
695
291
654
343
443
991
866
651
109
70
659
627
654
269
256
45
693
862
293
249
917
94
53
825
125
783
348
594
186
402
685
881
45
692
577
488
683
443
492
144
513
503
123
519
772
379
917
465
594
562
66
863
656
119
688
781
254
389
727
792
791
413
26
836
457
603
677
492
398
169
636
263
672
760
134
444
491
51
261
437
614
328
652
622
799
341
404
406
730
131
198
873
896
224
709
705
179
386
197
577
907
834
192
579
946
327
375
789
730
989
579
696
669
231
319
468
924
75
874
654
558
425
527
807
1
589
512
533
327
710
462
587
896
655
518
194
982
894
335
64
235
914
113
904
498
432
372
422
859
599
429
417
376
308
576
377
897
89
910
577
151
373
164
399
380
682
945
714
928
632
778
163
899
891
419
397
675
144
819
886
743
248
304
119
909
232
848
806
321
111
735
824
836
251
575
216
286
520
930
214
153
60
730
52
952
149
801
979
293
972
866
388
573
522
859
482
754
708
640
428
171
376
604
7
979
180
223
265
52
153
832
205
213
562
609
517
63
762
849
709
735
715
97
308
589
309
790
343
369
430
123
540
158
728
547
138
908
770
403
960
275
235
518
840
149
479
710
213
242
559
274
329
274
371
637
863
32
779
558
401
561
682
941
720
410
488
858
670
610
613
630
237
201
500
78
350
980
788
915
574
347
189
903
973
913
892
188
945
23
746
347
584
780
640
304
190
129
514
860
91
480
843
329
681
343
759
31
675
547
299
601
246
488
856
571
753
748
759
699
771
857
398
708
638
38
12
828
519
879
41
963
359
236
644
392
931
403
775
607
302
74
560
548
915
417
119
668
517
230
367
641
87
117
349
725
508
361
906
27
592
947
990
303
535
634
695
466
389
471
73
691
545
986
591
460
403
62
129
920
292
848
561
732
318
910
809
826
624
715
853
568
14
196
872
549
182
919
16
924
390
441
615
288
427
559
748
182
621
229
455
266
430
368
998
100
279
807
926
255
875
131
175
889
679
47
791
214
967
807
138
709
600
753
997
380
312
98
562
286
679
17
552
461
386
550
561
17
709
487
624
584
619
799
826
650
199
617
864
518
776
2
227
376
108
577
756
772
675
671
58
706
688
610
168
426
512
729
795
574
569
419
510
188
571
336
838
770
953
55
640
729
57
219
458
165
796
566
938
823
237
348
530
278
311
698
56
175
779
852
749
348
271
260
888
194
948
79
316
902
134
956
983
191
176
441
709
972
8
999
796
597
347
678
875
658
376
284
834
155
136
935
856
759
547
744
954
496
823
270
750
309
579
733
501
107
527
210
431
887
561
579
484
908
257
712
919
985
996
105
141
132
40
349
243
940
93
197
436
269
820
538
578
751
271
79
858
798
641
289
685
202
869
522
463
126
234
382
112
582
487
605
66
879
954
309
171
399
507
959
668
679
497
599
430
769
678
288
919
672
577
957
226
798
479
41
277
65
423
741
647
262
346
65
494
652
374
665
403
233
625
72
912
122
671
342
243
701
982
163
725
912
472
304
710
951
345
339
368
121
80
367
735
426
432
229
430
806
247
834
40
872
258
304
346
281
999
942
334
981
457
412
245
929
716
308
232
413
647
600
886
728
967
622
506
751
203
937
557
450
123
949
674
733
254
373
14
253
315
700
586
772
112
832
53
180
140
285
594
787
237
480
867
556
454
374
307
658
663
864
460
138
166
135
871
420
860
237
25
175
937
963
299
402
795
704
582
287
341
176
427
578
9
294
134
463
668
793
473
683
9
934
821
175
421
692
947
281
281
972
808
571
936
459
973
83
163
907
723
504
436
150
434
445
444
920
260
113
713
86
796
722
20
970
898
793
14
197
426
296
170
234
219
458
45
544
893
560
451
616
64
887
766
850
684
563
770
945
28
483
31
176
557
403
146
807
548
161
5
974
809
527
560
28
337
605
572
230
165
23
199
581
263
317
431
947
880
553
244
908
36
627
85
945
30
583
753
930
744
758
904
553
285
464
933
622
421
505
204
586
881
403
167
144
721
950
443
953
503
688
862
891
667
299
837
50
882
942
980
979
52
885
884
337
701
818
311
123
675
867
709
556
623
229
52
696
531
496
649
35
536
863
278
203
514
115
253
397
409
586
728
461
471
612
150
172
782
461
647
458
681
357
14
304
938
67
0
469
915
649
504
451
865
135
6
379
250
612
128
12
198
856
473
21
469
624
545
603
437
193
61
118
902
76
422
840
495
422
309
410
424
166
213
289
301
571
668
903
183
797
915
733
5
389
106
826
365
652
430
802
845
491
921
747
919
343
939
414
118
248
176
894
766
741
183
419
313
203
323
848
352
590
582
358
331
688
184
696
340
614
499
537
458
772
636
377
467
575
144
585
176
320
479
294
62
14
714
375
570
389
223
922
331
157
632
663
198
169
359
890
135
210
428
593
982
416
323
450
344
467
387
520
787
219
814
201
585
880
928
155
269
504
430
953
661
62
616
211
231
327
102
367
538
882
312
872
298
635
674
642
102
414
514
242
633
681
443
218
561
372
374
183
228
156
136
889
218
104
453
802
431
555
169
321
437
481
546
87
117
220
730
571
986
596
813
619
277
257
190
191
981
564
374
209
720
862
450
290
966
903
92
749
458
613
423
247
447
969
335
916
541
417
487
528
13
301
147
291
910
337
482
891
253
208
452
325
422
254
968
740
158
412
841
968
26
264
568
473
233
903
389
127
320
228
655
333
529
154
976
439
844
810
682
449
370
486
127
792
741
447
884
251
859
726
571
885
342
139
710
928
42
99
55
714
328
62
400
209
568
728
1
764
539
35
566
909
522
693
54
263
140
290
866
999
368
437
237
711
577
947
639
971
399
46
38
727
460
438
288
28
518
289
145
57
325
711
319
847
756
725
462
896
15
680
247
736
117
836
447
46
784
438
370
183
836
408
262
296
198
550
676
716
840
821
126
165
532
445
364
288
170
178
536
537
858
136
273
327
972
72
374
756
862
744
291
698
504
553
346
702
104
23
770
296
196
896
813
81
693
529
721
215
707
610
105
917
746
378
244
70
803
618
179
665
714
470
716
218
376
62
272
480
437
395
128
986
643
941
67
337
470
140
552
529
750
657
446
848
388
690
919
543
309
450
560
375
920
276
594
648
691
218
480
480
613
608
466
257
549
885
946
371
26
850
900
776
860
346
625
248
389
896
143
698
346
703
425
618
980
19
267
23
590
747
503
555
356
322
164
257
207
110
981
585
961
881
362
173
580
339
773
969
235
916
19
933
619
444
551
951
816
818
974
758
566
830
313
274
504
478
531
711
940
512
297
253
746
11
426
678
702
199
999
289
115
370
222
87
166
773
38
334
944
365
92
510
195
758
136
699
588
667
762
528
532
411
134
630
774
560
660
476
112
659
765
579
29
987
666
547
113
57
882
57
422
974
919
969
84
55
20
672
722
782
553
606
546
687
588
320
599
248
797
711
259
914
643
640
902
309
188
367
366
70
424
140
396
343
109
481
398
129
153
472
912
58
431
810
745
19
130
345
620
279
408
879
194
51
520
448
713
708
815
79
130
591
572
526
934
681
7
684
811
513
156
75
571
587
885
669
959
367
366
579
647
774
458
193
178
330
993
243
390
160
674
520
751
246
47
685
928
406
721
739
271
877
166
843
817
403
864
776
770
230
355
769
356
165
962
534
496
955
777
886
467
804
759
218
50
158
255
978
564
976
69
836
854
235
31
671
638
895
799
761
477
154
530
833
671
493
720
519
800
849
758
268
653
517
838
704
675
94
682
591
70
104
779
276
691
162
299
682
409
98
443
886
604
973
720
628
818
440
147
971
289
905
591
943
774
429
647
801
523
681
393
946
137
524
574
829
687
874
511
96
324
954
983
281
279
703
909
98
495
408
421
784
666
12
79
440
441
78
594
317
760
987
615
249
863
189
78
550
415
941
999
92
247
334
373
527
37
282
977
884
690
750
668
708
762
100
149
555
178
743
224
290
82
839
540
297
381
618
848
148
912
199
240
159
533
965
38
922
599
367
806
642
117
826
350
879
926
499
435
105
594
11
395
28
203
935
326
584
906
526
84
170
725
677
329
258
642
368
532
242
735
338
884
853
164
234
84
443
86
871
900
32
883
647
61
86
935
739
22
841
265
106
11
342
783
692
600
778
412
132
20
500
822
256
353
338
842
789
781
928
661
33
961
896
681
374
334
616
113
356
809
378
814
172
72
950
864
672
728
277
156
100
777
330
356
482
668
550
623
802
479
284
835
792
532
868
166
866
484
631
222
293
361
389
817
433
339
682
457
419
311
965
519
440
295
227
274
315
777
897
117
608
534
305
752
66
173
270
933
10
901
507
655
262
248
473
47
587
507
504
358
170
469
229
610
116
808
236
432
938
133
901
546
667
206
299
86
732
569
371
742
823
230
749
437
479
222
485
418
81
341
777
251
811
358
213
279
167
449
711
105
583
613
3
602
171
654
40
903
576
411
997
751
642
747
188
473
321
673
891
403
15
20
654
178
379
220
809
898
669
521
355
252
486
358
207
657
365
247
561
293
659
910
44
653
657
232
126
331
258
369
86
625
390
740
155
121
312
964
19
982
485
374
586
323
84
793
981
801
393
894
94
404
804
138
57
814
723
535
497
981
904
583
606
646
675
113
767
988
77
138
970
915
864
556
238
949
350
219
102
95
113
197
499
270
687
556
436
762
443
933
743
347
516
701
346
191
814
113
179
244
252
149
159
116
58
397
417
760
617
520
855
82
69
354
704
108
262
140
871
705
73
966
404
589
20
750
133
186
216
312
430
820
814
589
936
872
987
706
632
956
578
487
390
999
841
95
107
103
235
330
808
309
297
564
250
317
315
383
503
531
696
286
351
862
875
639
734
214
697
366
170
275
853
913
274
46
8
734
149
243
64
309
904
713
225
507
382
540
890
238
423
938
524
126
800
751
118
886
966
815
252
488
443
457
401
69
503
761
803
4
5
220
665
261
933
891
768
668
783
11
906
559
301
430
685
102
181
155
988
499
323
593
988
118
50
741
187
906
503
343
910
860
915
928
121
200
819
242
868
954
253
774
513
554
204
551
8
738
706
349
237
381
942
577
499
344
319
39
250
822
382
513
682
649
441
155
849
612
397
718
566
2
844
80
909
401
631
917
139
